UNITS MIL,10000;
EDIT proj;
ADD P1 :W0.000000  17.6900,0.0000 17.6900,0.0001 -17.6900,0.0001 -17.6900,0.0000 -17.0554,-14.5341 -15.1565,-28.9576 -12.0078,-43.1607 -7.6331,-57.0353 -2.0659,-70.4758 4.6516,-83.3800 12.4682,-95.6496 21.3244,-107.1913 31.1529,-117.9171 41.8787,-127.7456 53.4204,-136.6018 65.6900,-144.4184 65.6901,-144.4185 83.3801,-113.7785 83.3800,-113.7784 73.7135,-107.6202 64.6206,-100.6429 56.1703,-92.8997 48.4271,-84.4494 41.4498,-75.3565 35.2916,-65.6900 29.9993,-55.5236 25.6132,-44.9346 22.1667,-34.0036 19.6860,-22.8139 18.1899,-11.4505;
ADD P1 :W0.000000  65.6899,-144.4184 83.3800,-113.7783 136.9464,-144.7049 119.2563,-175.3450;
ADD P1 :W0.000000  136.9463,-144.7049 136.9462,-144.7049 119.2562,-175.3448 119.2563,-175.3449 132.1605,-182.0624 145.6010,-187.6296 159.4756,-192.0043 173.6787,-195.1530 188.1022,-197.0519 202.6363,-197.6865 217.1704,-197.0519 231.5939,-195.1530 245.7970,-192.0043 259.6716,-187.6296 273.1121,-182.0624 286.0163,-175.3449 286.0164,-175.3449 268.3264,-144.7049 268.3263,-144.7049 258.1599,-149.9972 247.5709,-154.3833 236.6399,-157.8298 225.4502,-160.3105 214.0868,-161.8065 202.6363,-162.3065 191.1858,-161.8065 179.8224,-160.3105 168.6327,-157.8298 157.7017,-154.3833 147.1127,-149.9972;
ADD P1 :W0.000000  286.0163,-175.3450 268.3262,-144.7049 321.8926,-113.7783 339.5827,-144.4184;
ADD P1 :W0.000000  321.8926,-113.7784 321.8925,-113.7785 339.5825,-144.4184 339.5826,-144.4184 351.8522,-136.6018 363.3939,-127.7456 374.1197,-117.9171 383.9482,-107.1913 392.8044,-95.6496 400.6210,-83.3800 407.3385,-70.4758 412.9057,-57.0353 417.2804,-43.1607 420.4291,-28.9576 422.3280,-14.5341 422.9626,0.0000 422.9626,0.0001 387.5826,0.0001 387.5826,0.0000 387.0827,-11.4505 385.5866,-22.8139 383.1059,-34.0036 379.6594,-44.9346 375.2733,-55.5236 369.9810,-65.6900 363.8228,-75.3565 356.8455,-84.4494 349.1023,-92.8997 340.6520,-100.6429 331.5591,-107.6202;
ADD P1 :W0.000000  387.5826,0.0000 422.9626,0.0000 422.9626,61.8530 387.5826,61.8530;
ADD P1 :W0.000000  387.5826,61.8530 387.5826,61.8529 422.9626,61.8529 422.9626,61.8530 422.3280,76.3871 420.4291,90.8106 417.2804,105.0137 412.9057,118.8883 407.3385,132.3288 400.6210,145.2330 392.8044,157.5026 383.9482,169.0443 374.1197,179.7701 363.3939,189.5986 351.8522,198.4548 339.5826,206.2714 339.5825,206.2715 321.8925,175.6315 321.8926,175.6314 331.5591,169.4732 340.6520,162.4959 349.1023,154.7527 356.8455,146.3024 363.8228,137.2095 369.9810,127.5430 375.2733,117.3766 379.6594,106.7876 383.1059,95.8566 385.5866,84.6669 387.0827,73.3035;
ADD P1 :W0.000000  321.8926,175.6314 339.5826,206.2714 286.0163,237.1979 268.3263,206.5579;
ADD P1 :W0.000000  268.3263,206.5579 268.3264,206.5579 286.0164,237.1978 286.0163,237.1979 273.1121,243.9154 259.6716,249.4826 245.7970,253.8573 231.5939,257.0060 217.1704,258.9049 202.6363,259.5395 188.1022,258.9049 173.6787,257.0060 159.4756,253.8573 145.6010,249.4826 132.1605,243.9154 119.2563,237.1979 119.2562,237.1979 136.9462,206.5579 136.9463,206.5579 147.1127,211.8502 157.7017,216.2363 168.6327,219.6828 179.8224,222.1635 191.1858,223.6595 202.6363,224.1595 214.0868,223.6595 225.4502,222.1635 236.6399,219.6828 247.5709,216.2363 258.1599,211.8502;
ADD P1 :W0.000000  136.9463,206.5579 119.2563,237.1979 65.6900,206.2714 83.3800,175.6314;
ADD P1 :W0.000000  83.3800,175.6314 83.3801,175.6315 65.6901,206.2714 65.6900,206.2714 53.4204,198.4548 41.8787,189.5986 31.1529,179.7701 21.3244,169.0443 12.4682,157.5026 4.6516,145.2330 -2.0659,132.3288 -7.6331,118.8883 -12.0078,105.0137 -15.1565,90.8106 -17.0554,76.3871 -17.6900,61.8530 -17.6900,61.8529 17.6900,61.8529 17.6900,61.8530 18.1899,73.3035 19.6860,84.6669 22.1667,95.8566 25.6132,106.7876 29.9993,117.3766 35.2916,127.5430 41.4498,137.2095 48.4271,146.3024 56.1703,154.7527 64.6206,162.4959 73.7135,169.4732;
ADD P1 :W0.000000  17.6900,61.8530 -17.6900,61.8530 -17.6900,0.0000 17.6900,0.0000;
SAVE;
