UNITS MIL,10000;
EDIT proj;
ADD P1 :W0.000000  0.0000,-9.3050 111.6300,-9.3050 111.6300,9.3050 0.0000,9.3050;
ADD P1 :W0.000000  121.5243,4.9471 121.5243,-9.3050 111.6300,-9.3050 111.6300,9.3050 116.5772,9.3050 116.5772,4.9471;
ADD P1 :W0.000000  121.5243,-4.9471 233.1543,-4.9471 233.1543,4.9471 121.5243,4.9471;
ADD P1 :W0.000000  111.6301,-9.3050 111.6301,-124.6350 121.5243,-124.6350 121.5243,-9.3050;
ADD P1 :W0.000000  121.5243,-138.8871 121.5243,-124.6350 111.6300,-124.6350 111.6300,-143.2450 116.5772,-143.2450 116.5772,-138.8871;
ADD P1 :W0.000000  121.5243,-138.8871 233.1543,-138.8871 233.1543,-128.9929 121.5243,-128.9929;
ADD P1 :W0.000000  0.0000,-143.2450 111.6300,-143.2450 111.6300,-124.6350 0.0000,-124.6350;
ADD P1 :W0.000000  -9.8943,-138.8871 -9.8943,-124.6350 0.0000,-124.6350 0.0000,-143.2450 -4.9472,-143.2450 -4.9472,-138.8871;
ADD P1 :W0.000000  -121.5243,-138.8871 -9.8943,-138.8871 -9.8943,-128.9929 -121.5243,-128.9929;
ADD P1 :W0.000000  -9.8943,-9.3050 -9.8943,-124.6350 -0.0001,-124.6350 -0.0001,-9.3050;
ADD P1 :W0.000000  -9.8943,4.9471 -9.8943,-9.3050 0.0000,-9.3050 0.0000,9.3050 -4.9472,9.3050 -4.9472,4.9471;
ADD P1 :W0.000000  -121.5243,-4.9471 -9.8943,-4.9471 -9.8943,4.9471 -121.5243,4.9471;
SAVE;
