UNITS MIL,10000;
EDIT proj;
ADD P1 :W0.000000  0.0000,-17.6900 0.0001,-17.6900 0.0001,17.6900 0.0000,17.6900 -14.5341,17.0554 -28.9576,15.1565 -43.1607,12.0078 -57.0353,7.6331 -70.4758,2.0659 -83.3800,-4.6516 -95.6496,-12.4682 -107.1913,-21.3244 -117.9171,-31.1529 -127.7456,-41.8787 -136.6018,-53.4204 -144.4184,-65.6900 -144.4185,-65.6901 -113.7785,-83.3801 -113.7784,-83.3800 -107.6202,-73.7135 -100.6429,-64.6206 -92.8997,-56.1703 -84.4494,-48.4271 -75.3565,-41.4498 -65.6900,-35.2916 -55.5236,-29.9993 -44.9346,-25.6132 -34.0036,-22.1667 -22.8139,-19.6860 -11.4505,-18.1899;
ADD P1 :W0.000000  -113.7784,-83.3800 -144.4184,-65.6900 -175.3449,-119.2563 -144.7049,-136.9463;
ADD P1 :W0.000000  -151.0365,-77.1531 -168.7266,-107.7932 -220.6883,-77.7931 -202.9982,-47.1530;
ADD P1 :W0.000000  -144.7049,-136.9463 -144.7049,-136.9462 -175.3448,-119.2562 -175.3449,-119.2563 -182.0624,-132.1605 -187.6296,-145.6010 -192.0043,-159.4756 -195.1530,-173.6787 -197.0519,-188.1022 -197.6865,-202.6363 -197.0519,-217.1704 -195.1530,-231.5939 -192.0043,-245.7970 -187.6296,-259.6716 -182.0624,-273.1121 -175.3449,-286.0163 -175.3449,-286.0164 -144.7049,-268.3264 -144.7049,-268.3263 -149.9972,-258.1599 -154.3833,-247.5709 -157.8298,-236.6399 -160.3105,-225.4502 -161.8065,-214.0868 -162.3065,-202.6363 -161.8065,-191.1858 -160.3105,-179.8224 -157.8298,-168.6327 -154.3833,-157.7017 -149.9972,-147.1127;
ADD P1 :W0.000000  -175.3450,-286.0163 -144.7049,-268.3262 -113.7783,-321.8926 -144.4184,-339.5827;
ADD P1 :W0.000000  -113.7784,-321.8926 -113.7785,-321.8925 -144.4184,-339.5825 -144.4184,-339.5826 -136.6018,-351.8522 -127.7456,-363.3939 -117.9171,-374.1197 -107.1913,-383.9482 -95.6496,-392.8044 -83.3800,-400.6210 -70.4758,-407.3385 -57.0353,-412.9057 -43.1607,-417.2804 -28.9576,-420.4291 -14.5341,-422.3280 0.0000,-422.9626 0.0001,-422.9626 0.0001,-387.5826 0.0000,-387.5826 -11.4505,-387.0827 -22.8139,-385.5866 -34.0036,-383.1059 -44.9346,-379.6594 -55.5236,-375.2733 -65.6900,-369.9810 -75.3565,-363.8228 -84.4494,-356.8455 -92.8997,-349.1023 -100.6429,-340.6520 -107.6202,-331.5591;
ADD P1 :W0.000000  0.0000,-422.9626 61.8530,-422.9626 61.8530,-387.5826 0.0000,-387.5826;
ADD P1 :W0.000000  61.8530,-387.5826 61.8529,-387.5826 61.8529,-422.9626 61.8530,-422.9626 76.3871,-422.3280 90.8106,-420.4291 105.0137,-417.2804 118.8883,-412.9057 132.3288,-407.3385 145.2330,-400.6210 157.5026,-392.8044 169.0443,-383.9482 179.7701,-374.1197 189.5986,-363.3939 198.4548,-351.8522 206.2714,-339.5826 206.2715,-339.5825 175.6315,-321.8925 175.6314,-321.8926 169.4732,-331.5591 162.4959,-340.6520 154.7527,-349.1023 146.3024,-356.8455 137.2095,-363.8228 127.5430,-369.9810 117.3766,-375.2733 106.7876,-379.6594 95.8566,-383.1059 84.6669,-385.5866 73.3035,-387.0827;
ADD P1 :W0.000000  175.6314,-321.8926 206.2714,-339.5826 237.1979,-286.0163 206.5579,-268.3263;
ADD P1 :W0.000000  212.8895,-328.1195 230.5796,-297.4794 282.5413,-327.4795 264.8512,-358.1196;
ADD P1 :W0.000000  206.5579,-268.3263 206.5579,-268.3264 237.1978,-286.0164 237.1979,-286.0163 243.9154,-273.1121 249.4826,-259.6716 253.8573,-245.7970 257.0060,-231.5939 258.9049,-217.1704 259.5395,-202.6363 258.9049,-188.1022 257.0060,-173.6787 253.8573,-159.4756 249.4826,-145.6010 243.9154,-132.1605 237.1979,-119.2563 237.1979,-119.2562 206.5579,-136.9462 206.5579,-136.9463 211.8502,-147.1127 216.2363,-157.7017 219.6828,-168.6327 222.1635,-179.8224 223.6595,-191.1858 224.1595,-202.6363 223.6595,-214.0868 222.1635,-225.4502 219.6828,-236.6399 216.2363,-247.5709 211.8502,-258.1599;
ADD P1 :W0.000000  206.5579,-136.9463 237.1979,-119.2563 206.2714,-65.6900 175.6314,-83.3800;
ADD P1 :W0.000000  230.5796,-107.7933 212.8895,-77.1532 264.8512,-47.1531 282.5413,-77.7932;
ADD P1 :W0.000000  175.6314,-83.3800 175.6315,-83.3801 206.2714,-65.6901 206.2714,-65.6900 198.4548,-53.4204 189.5986,-41.8787 179.7701,-31.1529 169.0443,-21.3244 157.5026,-12.4682 145.2330,-4.6516 132.3288,2.0659 118.8883,7.6331 105.0137,12.0078 90.8106,15.1565 76.3871,17.0554 61.8530,17.6900 61.8529,17.6900 61.8529,-17.6900 61.8530,-17.6900 73.3035,-18.1899 84.6669,-19.6860 95.8566,-22.1667 106.7876,-25.6132 117.3766,-29.9993 127.5430,-35.2916 137.2095,-41.4498 146.3024,-48.4271 154.7527,-56.1703 162.4959,-64.6206 169.4732,-73.7135;
ADD P1 :W0.000000  61.8530,-17.6900 61.8530,17.6900 0.0000,17.6900 0.0000,-17.6900;
ADD P1 :W0.000000  13.2365,77.6900 13.2365,17.6900 48.6165,17.6900 48.6165,77.6900;
SAVE;
