UNITS MIL,10000;
EDIT proj;
ADD P1 :W0.000000  -43.1317,-571.1460 -43.1317,-621.1460 26.9748,-621.1460 26.9748,-571.1460;
ADD P1 :W0.000000  26.9748,-689.6510 26.9748,-621.1460 -43.1317,-621.1460 -43.1317,-689.3250 -8.0785,-689.3250 -8.0785,-689.6510;
ADD P1 :W0.000000  26.9748,-689.6510 226.8258,-689.6510 226.8258,-621.1460 26.9748,-621.1460;
ADD P1 :W0.000000  296.9323,-689.3250 296.9323,-621.1460 226.8258,-621.1460 226.8258,-689.6510 261.8790,-689.6510 261.8790,-689.3250;
ADD P1 :W0.000000  864.6983,-684.6510 978.5493,-684.6510 978.5493,-626.1460 864.6983,-626.1460;
ADD P1 :W0.000000  226.8258,-571.1460 226.8258,-621.1460 296.9323,-621.1460 296.9323,-571.1460;
ADD P1 :W0.000000  226.8257,-502.6410 226.8257,-571.1460 296.9322,-571.1460 296.9322,-502.9670 261.8790,-502.9670 261.8790,-502.6410;
ADD P1 :W0.000000  26.9747,-571.1460 226.8257,-571.1460 226.8257,-502.6410 26.9747,-502.6410;
ADD P1 :W0.000000  -43.1318,-502.9670 -43.1318,-571.1460 26.9747,-571.1460 26.9747,-502.6410 -8.0785,-502.6410 -8.0785,-502.9670;
ADD P1 :W0.000000  -156.9828,-566.1460 -43.1318,-566.1460 -43.1318,-507.6410 -156.9828,-507.6410;
ADD P1 :W0.000000  864.6982,-566.1460 978.5492,-566.1460 978.5492,-507.6410 864.6982,-507.6410;
ADD P1 :W0.000000  -156.9827,-684.6510 -43.1317,-684.6510 -43.1317,-626.1460 -156.9827,-626.1460;
ADD P1 :W0.000000  296.9323,-684.6510 410.7833,-684.6510 410.7833,-626.1460 296.9323,-626.1460;
ADD P1 :W0.000000  410.7833,-684.6510 524.6343,-684.6510 524.6343,-626.1460 410.7833,-626.1460;
ADD P1 :W0.000000  594.7408,-689.6510 594.7408,-621.1460 524.6343,-621.1460 524.6343,-689.3250 559.6875,-689.3250 559.6875,-689.6510;
ADD P1 :W0.000000  594.7408,-689.6510 794.5918,-689.6510 794.5918,-621.1460 594.7408,-621.1460;
ADD P1 :W0.000000  864.6983,-689.3250 864.6983,-621.1460 794.5918,-621.1460 794.5918,-689.6510 829.6450,-689.6510 829.6450,-689.3250;
ADD P1 :W0.000000  794.5918,-571.1460 794.5918,-621.1460 864.6983,-621.1460 864.6983,-571.1460;
ADD P1 :W0.000000  794.5917,-502.6410 794.5917,-571.1460 864.6982,-571.1460 864.6982,-502.9670 829.6450,-502.9670 829.6450,-502.6410;
ADD P1 :W0.000000  594.7407,-571.1460 794.5917,-571.1460 794.5917,-502.6410 594.7407,-502.6410;
ADD P1 :W0.000000  524.6342,-502.9670 524.6342,-571.1460 594.7407,-571.1460 594.7407,-502.6410 559.6875,-502.6410 559.6875,-502.9670;
ADD P1 :W0.000000  410.7832,-566.1460 524.6342,-566.1460 524.6342,-507.6410 410.7832,-507.6410;
ADD P1 :W0.000000  296.9322,-566.1460 410.7832,-566.1460 410.7832,-507.6410 296.9322,-507.6410;
ADD P1 :W0.000000  524.6343,-571.1460 524.6343,-621.1460 594.7408,-621.1460 594.7408,-571.1460;
SAVE;
