UNITS MIL,10000;
EDIT proj;
ADD P1 :W0.000000  0.0000,30.9265 0.0000,-50.5050 62.0710,-50.5050 62.0710,50.5050 31.0355,50.5050 31.0355,30.9265;
ADD P1 :W0.000000  0.0000,-50.5050 0.0000,-163.7540 62.0710,-163.7540 62.0710,-50.5050;
ADD P1 :W0.000000  62.0710,-264.7640 62.0710,-163.7540 0.0000,-163.7540 0.0000,-245.1855 31.0355,-245.1855 31.0355,-264.7640;
ADD P1 :W0.000000  62.0710,-264.7640 210.9220,-264.7640 210.9220,-163.7540 62.0710,-163.7540;
ADD P1 :W0.000000  272.9930,-245.1855 272.9930,-163.7540 210.9220,-163.7540 210.9220,-264.7640 241.9575,-264.7640 241.9575,-245.1855;
ADD P1 :W0.000000  210.9220,-50.5050 210.9220,-163.7540 272.9930,-163.7540 272.9930,-50.5050;
ADD P1 :W0.000000  210.9220,50.5050 210.9220,-50.5050 272.9930,-50.5050 272.9930,30.9265 241.9575,30.9265 241.9575,50.5050;
ADD P1 :W0.000000  62.0710,-50.5050 210.9220,-50.5050 210.9220,50.5050 62.0710,50.5050;
ADD P1 :W0.000000  272.9930,-30.7555 487.2828,-30.7555 487.2828,30.7555 272.9930,30.7555;
ADD P1 :W0.000000  760.2758,30.9265 760.2758,-50.5050 698.2048,-50.5050 698.2048,50.5050 729.2403,50.5050 729.2403,30.9265;
ADD P1 :W0.000000  760.2758,-50.5050 760.2758,-163.7540 698.2048,-163.7540 698.2048,-50.5050;
ADD P1 :W0.000000  698.2048,-264.7640 698.2048,-163.7540 760.2758,-163.7540 760.2758,-245.1855 729.2403,-245.1855 729.2403,-264.7640;
ADD P1 :W0.000000  698.2048,-264.7640 549.3538,-264.7640 549.3538,-163.7540 698.2048,-163.7540;
ADD P1 :W0.000000  487.2828,-245.1855 487.2828,-163.7540 549.3538,-163.7540 549.3538,-264.7640 518.3183,-264.7640 518.3183,-245.1855;
ADD P1 :W0.000000  549.3538,-50.5050 549.3538,-163.7540 487.2828,-163.7540 487.2828,-50.5050;
ADD P1 :W0.000000  549.3538,50.5050 549.3538,-50.5050 487.2828,-50.5050 487.2828,30.9265 518.3183,30.9265 518.3183,50.5050;
ADD P1 :W0.000000  698.2048,-50.5050 549.3538,-50.5050 549.3538,50.5050 698.2048,50.5050;
ADD P1 :W0.000000  272.9930,-245.0145 487.2828,-245.0145 487.2828,-183.5035 272.9930,-183.5035;
SAVE;
