UNITS MIL,10000;
EDIT proj;
ADD P1 :W0.000000  32.9877,61.5615 32.9877,61.5616 12.9877,61.5616 12.9877,61.5615 13.4443,51.1028 14.8108,40.7237 17.0766,30.5032 20.2246,20.5191 24.2308,10.8473 29.0647,1.5615 34.6895,-7.2676 41.0624,-15.5730 48.1349,-23.2913 55.8532,-30.3638 64.1585,-36.7367 72.9877,-42.3615 72.9878,-42.3616 82.9878,-25.0411 82.9877,-25.0410 75.6301,-20.3537 68.7089,-15.0429 62.2770,-9.1491 56.3833,-2.7172 51.0725,4.2039 46.3852,11.5615 42.3569,19.2997 39.0184,27.3595 36.3951,35.6796 34.5069,44.1967 33.3682,52.8459;
ADD P1 :W0.000000  72.9876,-42.3616 82.9877,-25.0409 121.9590,-47.5410 111.9589,-64.8617;
ADD P1 :W0.000000  121.9588,-47.5410 121.9587,-47.5410 111.9587,-64.8615 111.9588,-64.8616 121.2446,-69.6955 130.9164,-73.7017 140.9005,-76.8496 151.1210,-79.1154 161.5001,-80.4819 171.9588,-80.9385 182.4175,-80.4819 192.7966,-79.1154 203.0171,-76.8496 213.0012,-73.7016 222.6730,-69.6954 231.9588,-64.8615 231.9589,-64.8615 221.9589,-47.5410 221.9588,-47.5410 214.2206,-51.5692 206.1608,-54.9077 197.8407,-57.5310 189.3236,-59.4192 180.6744,-60.5579 171.9588,-60.9385 163.2432,-60.5579 154.5940,-59.4192 146.0769,-57.5310 137.7568,-54.9077 129.6970,-51.5692;
ADD P1 :W0.000000  231.9588,-64.8617 221.9587,-47.5410 260.9300,-25.0409 270.9301,-42.3616;
ADD P1 :W0.000000  260.9299,-25.0410 260.9298,-25.0411 270.9298,-42.3616 270.9299,-42.3616 279.7591,-36.7368 288.0644,-30.3639 295.7827,-23.2914 302.8552,-15.5730 309.2282,-7.2677 314.8530,1.5615 319.6868,10.8473 323.6930,20.5191 326.8410,30.5032 329.1068,40.7237 330.4733,51.1028 330.9299,61.5615 330.9299,61.5616 310.9299,61.5616 310.9299,61.5615 310.5494,52.8459 309.4107,44.1967 307.5225,35.6796 304.8992,27.3595 301.5607,19.2997 297.5324,11.5615 292.8451,4.2039 287.5343,-2.7172 281.6406,-9.1491 275.2087,-15.0429 268.2875,-20.3537;
ADD P1 :W0.000000  310.9299,61.5615 330.9299,61.5615 330.9299,106.5615 310.9299,106.5615;
ADD P1 :W0.000000  310.9299,106.5615 310.9299,106.5614 330.9299,106.5614 330.9299,106.5615 330.4733,117.0202 329.1068,127.3993 326.8410,137.6198 323.6930,147.6039 319.6868,157.2757 314.8529,166.5615 309.2281,175.3906 302.8552,183.6960 295.7827,191.4143 288.0644,198.4868 279.7591,204.8597 270.9299,210.4845 270.9298,210.4846 260.9298,193.1641 260.9299,193.1640 268.2875,188.4767 275.2087,183.1659 281.6406,177.2721 287.5343,170.8402 292.8451,163.9191 297.5324,156.5615 301.5607,148.8233 304.8992,140.7635 307.5225,132.4434 309.4107,123.9263 310.5494,115.2771;
ADD P1 :W0.000000  260.9299,193.1640 270.9299,210.4846 231.9588,232.9846 221.9588,215.6640;
ADD P1 :W0.000000  221.9588,215.6640 221.9589,215.6640 231.9589,232.9845 231.9588,232.9846 222.6730,237.8185 213.0012,241.8247 203.0171,244.9726 192.7966,247.2384 182.4175,248.6049 171.9588,249.0615 161.5001,248.6049 151.1210,247.2384 140.9005,244.9726 130.9164,241.8246 121.2446,237.8184 111.9588,232.9845 111.9587,232.9845 121.9587,215.6640 121.9588,215.6640 129.6970,219.6922 137.7568,223.0307 146.0769,225.6540 154.5940,227.5422 163.2432,228.6809 171.9588,229.0615 180.6744,228.6809 189.3236,227.5422 197.8407,225.6540 206.1608,223.0307 214.2206,219.6922;
ADD P1 :W0.000000  121.9588,215.6640 111.9588,232.9846 72.9877,210.4846 82.9877,193.1640;
ADD P1 :W0.000000  82.9877,193.1640 82.9878,193.1641 72.9878,210.4846 72.9877,210.4846 64.1585,204.8598 55.8532,198.4869 48.1349,191.4144 41.0624,183.6960 34.6894,175.3907 29.0646,166.5615 24.2308,157.2757 20.2246,147.6039 17.0766,137.6198 14.8108,127.3993 13.4443,117.0202 12.9877,106.5615 12.9877,106.5614 32.9877,106.5614 32.9877,106.5615 33.3682,115.2771 34.5069,123.9263 36.3951,132.4434 39.0184,140.7635 42.3569,148.8233 46.3852,156.5615 51.0725,163.9191 56.3833,170.8402 62.2770,177.2721 68.7089,183.1659 75.6301,188.4767;
ADD P1 :W0.000000  32.9877,106.5615 12.9877,106.5615 12.9877,61.5615 32.9877,61.5615;
SAVE;
