UNITS MIL,10000;
EDIT proj;
ADD P1 :W0.000000  70.0000,-27.1290 285.1027,-27.1290 285.1027,27.1290 70.0000,27.1290;
ADD P1 :W0.000000  70.0000,-101.4320 285.1027,-101.4320 285.1027,-47.1740 70.0000,-47.1740;
ADD P1 :W0.000000  -2.8710,100.0000 -2.8710,100.0001 -57.1290,100.0001 -57.1290,100.0000 -56.6452,88.9200 -55.1976,77.9243 -52.7972,67.0966 -49.4622,56.5193 -45.2180,46.2730 -40.0969,36.4355 -34.1380,27.0818 -27.3865,18.2831 -19.8938,10.1062 -11.7169,2.6135 -2.9182,-4.1380 6.4355,-10.0969 16.2730,-15.2180 26.5193,-19.4622 37.0966,-22.7972 47.9243,-25.1976 58.9200,-26.6452 70.0000,-27.1290 70.0001,-27.1290 70.0001,27.1290 70.0000,27.1290 63.6489,27.4063 57.3461,28.2361 51.1396,29.6120 45.0767,31.5237 39.2034,33.9564 33.5645,36.8919 28.2029,40.3076 23.1594,44.1776 18.4724,48.4724 14.1776,53.1594 10.3076,58.2029 6.8919,63.5645 3.9564,69.2034 1.5237,75.0767 -0.3880,81.1396 -1.7639,87.3461 -2.5937,93.6489;
ADD P1 :W0.000000  -57.1290,100.0000 -2.8710,100.0000 0.5300,200.0000 -60.5300,200.0000;
ADD P1 :W0.000000  -60.5300,250.0000 -60.5300,200.0000 0.5300,200.0000 0.5300,250.0000;
ADD P1 :W0.000000  -2.8710,-174.3030 -2.8710,-174.3031 -57.1290,-174.3031 -57.1290,-174.3030 -56.6452,-163.2230 -55.1976,-152.2273 -52.7972,-141.3996 -49.4622,-130.8223 -45.2180,-120.5760 -40.0969,-110.7385 -34.1380,-101.3848 -27.3865,-92.5861 -19.8938,-84.4092 -11.7169,-76.9165 -2.9182,-70.1650 6.4355,-64.2061 16.2730,-59.0850 26.5193,-54.8408 37.0966,-51.5058 47.9243,-49.1054 58.9200,-47.6578 70.0000,-47.1740 70.0001,-47.1740 70.0001,-101.4320 70.0000,-101.4320 63.6489,-101.7093 57.3461,-102.5391 51.1396,-103.9150 45.0767,-105.8267 39.2034,-108.2594 33.5645,-111.1949 28.2029,-114.6106 23.1594,-118.4806 18.4724,-122.7754 14.1776,-127.4624 10.3076,-132.5059 6.8919,-137.8675 3.9564,-143.5064 1.5237,-149.3797 -0.3880,-155.4426 -1.7639,-161.6491 -2.5937,-167.9519;
ADD P1 :W0.000000  -57.1290,-174.3030 -2.8710,-174.3030 0.5300,-274.3030 -60.5300,-274.3030;
ADD P1 :W0.000000  -60.5300,-324.3030 -60.5300,-274.3030 0.5300,-274.3030 0.5300,-324.3030;
ADD P1 :W0.000000  357.9737,100.0000 357.9737,100.0001 412.2317,100.0001 412.2317,100.0000 411.7479,88.9200 410.3003,77.9243 407.8999,67.0966 404.5649,56.5193 400.3207,46.2730 395.1996,36.4355 389.2407,27.0818 382.4892,18.2831 374.9965,10.1062 366.8196,2.6135 358.0209,-4.1380 348.6672,-10.0969 338.8297,-15.2180 328.5834,-19.4622 318.0061,-22.7972 307.1784,-25.1976 296.1827,-26.6452 285.1027,-27.1290 285.1026,-27.1290 285.1026,27.1290 285.1027,27.1290 291.4538,27.4063 297.7566,28.2361 303.9631,29.6120 310.0260,31.5237 315.8993,33.9564 321.5382,36.8919 326.8998,40.3076 331.9433,44.1776 336.6303,48.4724 340.9251,53.1594 344.7951,58.2029 348.2108,63.5645 351.1463,69.2034 353.5790,75.0767 355.4907,81.1396 356.8666,87.3461 357.6964,93.6489;
ADD P1 :W0.000000  412.2317,100.0000 357.9737,100.0000 354.5727,200.0000 415.6327,200.0000;
ADD P1 :W0.000000  415.6327,250.0000 415.6327,200.0000 354.5727,200.0000 354.5727,250.0000;
ADD P1 :W0.000000  357.9737,-174.3030 357.9737,-174.3031 412.2317,-174.3031 412.2317,-174.3030 411.7479,-163.2230 410.3003,-152.2273 407.8999,-141.3996 404.5649,-130.8223 400.3207,-120.5760 395.1996,-110.7385 389.2407,-101.3848 382.4892,-92.5861 374.9965,-84.4092 366.8196,-76.9165 358.0209,-70.1650 348.6672,-64.2061 338.8297,-59.0850 328.5834,-54.8408 318.0061,-51.5058 307.1784,-49.1054 296.1827,-47.6578 285.1027,-47.1740 285.1026,-47.1740 285.1026,-101.4320 285.1027,-101.4320 291.4538,-101.7093 297.7566,-102.5391 303.9631,-103.9150 310.0260,-105.8267 315.8993,-108.2594 321.5382,-111.1949 326.8998,-114.6106 331.9433,-118.4806 336.6303,-122.7754 340.9251,-127.4624 344.7951,-132.5059 348.2108,-137.8675 351.1463,-143.5064 353.5790,-149.3797 355.4907,-155.4426 356.8666,-161.6491 357.6964,-167.9519;
ADD P1 :W0.000000  412.2317,-174.3030 357.9737,-174.3030 354.5727,-274.3030 415.6327,-274.3030;
ADD P1 :W0.000000  415.6327,-324.3030 415.6327,-274.3030 354.5727,-274.3030 354.5727,-324.3030;
SAVE;
